1 0.444560
2 0.529915
3 0.453717
4 0.631766
5 0.207580
6 0.316276
7 0.349922
8 0.425908
9 0.416727
10 0.313237
11 0.414506
12 0.546319
13 0.532161
14 0.284199
15 0.375259
16 0.514360
17 0.385860
18 0.308958
19 0.314931
20 0.365802
21 0.406917
22 0.294029
23 0.470719
24 0.192313
25 0.394234
26 0.121404
27 0.364141
28 0.277878
29 0.472230
30 0.549470
31 0.501551
32 0.492708
33 0.405021
34 0.584545
35 0.114097
36 0.517013
37 0.427009
38 0.437124
39 0.245292
40 0.621471
41 0.421373
42 0.356071
43 0.465213
44 0.593038
45 0.685625
46 0.237537
47 0.385956
48 0.321566
49 0.654132
50 0.277219
51 0.363292
52 0.433559
53 0.447733
54 0.375090
55 0.466376
56 0.292738
57 0.468971
58 0.509371
59 0.376538
60 0.366691
61 0.093174
62 0.501222
63 0.337157
64 0.477917
65 0.386659
66 0.365848
67 0.420991
68 0.400981
69 0.551311
70 0.614115
71 0.387508
72 0.324564
73 0.499461
74 0.278769
75 0.358965
76 0.321183
77 0.513328
78 0.414267
79 0.327760
80 0.684302
81 0.296131
82 0.357233
83 0.428279
84 0.604366
85 0.383438
86 0.091862
87 0.720513
88 0.311935
89 0.391127
90 0.318349
91 0.419684
92 0.299253
93 0.211339
94 0.623516
95 0.547639
96 0.397843
97 0.221591
98 0.430645
99 0.391388
100 0.302600
101 0.353319
102 0.468577
103 0.498288
104 0.310208
105 0.440032
106 0.104651
107 0.219846
108 0.246726
109 0.525933
110 0.394210
111 0.305511
112 0.455621
113 0.399404
114 0.411787
115 0.364323
116 0.436854
117 0.400347
118 0.540551
119 0.391721
120 0.288414
121 0.479657
122 0.160603
123 0.320606
124 0.358099
125 0.361888
126 0.421755
127 0.487692
128 0.237898
129 0.148647
130 0.615643
131 0.408090
132 0.580595
133 0.333606
134 0.579681
135 0.325740
136 0.838341
137 0.487185
138 0.563396
139 0.360676
140 0.529168
141 0.439665
142 0.251710
143 0.457174
144 0.262551
145 0.466193
146 0.416564
147 0.507768
148 0.274736
149 0.590855
150 0.492741
